
original matrix
[[ 4.  4.  1.  1.  4.]
 [ 3.  2.  1.  4.  1.]
 [ 1.  2.  4.  2.  4.]
 [ 2.  1.  3.  4.  2.]]
0
user feature vector 
[1.87941924728, 1.46853485692, 1.73148456455, 1.60125930956]
movie feature vector 
[1.49747801396, 1.37879109732, 1.338986299, 1.56625505178, 1.6969311706]
singular value 
[[ 2.81438899  2.59132648  2.51651669  2.94365001  3.18924499]
 [ 2.19909859  2.02480268  1.96634805  2.30010009  2.49200249]
 [ 2.59285998  2.38735557  2.318434    2.71194649  2.93821001]
 [ 2.39785051  2.20780206  2.14406419  2.50798059  2.71722674]]

1
user feature vector 
[0.0432424785063, 0.133960685538, 0.0873964789043, 0.137575355626]
movie feature vector 
[0.0910681889837, 0.064466938668, 0.111573489697, 0.168926690601, 0.0540412703474]
singular value 
[[ 0.00393801  0.00278771  0.00482471  0.00730481  0.00233688]
 [ 0.01219956  0.00863604  0.01494646  0.02262953  0.00723941]
 [ 0.00795904  0.00563418  0.00975113  0.0147636   0.00472302]
 [ 0.01252874  0.00886906  0.01534976  0.02324015  0.00743475]]

2
user feature vector 
[0.0472585982818, 0.126809907181, 0.0856200315948, 0.129573564593]
movie feature vector 
[0.0898440927992, 0.066042656702, 0.107315419775, 0.159043556035, 0.056265598462]
singular value 
[[ 0.00424591  0.00312108  0.00507158  0.00751618  0.00265903]
 [ 0.01139312  0.00837486  0.01360866  0.0201683   0.00713504]
 [ 0.00769245  0.00565457  0.00918835  0.01361731  0.00481746]
 [ 0.01164142  0.00855738  0.01390524  0.02060784  0.00729053]]

3
user feature vector 
[0.0504303210104, 0.120541075349, 0.0839457907202, 0.122622288517]
movie feature vector 
[0.0886401805497, 0.0672214310398, 0.103605002064, 0.15052601497, 0.0580271311702]
singular value 
[[ 0.00447015  0.00339     0.00522483  0.00759108  0.00292633]
 [ 0.01068478  0.00810294  0.01248866  0.01814457  0.00699465]
 [ 0.00744097  0.00564296  0.0086972   0.01263603  0.00487113]
 [ 0.01086926  0.00824285  0.01270428  0.01845784  0.00711542]]

4
user feature vector 
[0.0529365452535, 0.114991468569, 0.0823592180422, 0.116521432008]
movie feature vector 
[0.0874627268501, 0.0680907216988, 0.100337222696, 0.143111613621, 0.0594229364851]
singular value 
[[ 0.00462997  0.00360449  0.00531151  0.00757583  0.00314564]
 [ 0.01005747  0.00782985  0.01153792  0.01645662  0.00683313]
 [ 0.00720336  0.0056079   0.0082637   0.01178656  0.00489403]
 [ 0.01019128  0.00793403  0.01169144  0.01667557  0.00692405]]

5
user feature vector 
[0.0549113211549, 0.110037527353, 0.0808492654009, 0.111119743917]
movie feature vector 
[0.0863156776257, 0.0687158280327, 0.0974329990329, 0.136602085552, 0.0605259784006]
singular value 
[[ 0.00473971  0.00377328  0.00535017  0.007501    0.00332356]
 [ 0.00949796  0.00756132  0.01072129  0.01503136  0.00666013]
 [ 0.00697856  0.00555562  0.00787739  0.01104418  0.00489348]
 [ 0.00959138  0.00763569  0.01082673  0.01517919  0.00672563]]

6
user feature vector 
[0.0564571464972, 0.105583331318, 0.079407365864, 0.106300405362]
movie feature vector 
[0.0852013893492, 0.0691464933952, 0.0948315040394, 0.130844380853, 0.0613922458221]
singular value 
[[ 0.00481023  0.00390381  0.00535392  0.0073871   0.00346603]
 [ 0.00899585  0.00730072  0.01001263  0.01381499  0.006482  ]
 [ 0.00676562  0.00549074  0.00753032  0.01039001  0.004875  ]
 [ 0.00905694  0.0073503   0.01008063  0.01390881  0.00652602]]

7
user feature vector 
[0.0576537307884, 0.101553117576, 0.078026633678, 0.10197155031]
movie feature vector 
[0.0841211611466, 0.0694212440379, 0.0924850391524, 0.125718254917, 0.0620653804168]
singular value 
[[ 0.0048499   0.00400239  0.00533211  0.00724813  0.0035783 ]
 [ 0.00854277  0.00704994  0.00939214  0.01276708  0.00630293]
 [ 0.00656369  0.00541671  0.0072163   0.00980937  0.00484275]
 [ 0.00857797  0.00707899  0.00943084  0.01281969  0.0063289 ]]

8
user feature vector 
[0.0585638305787, 0.0978860709589, 0.0767014691359, 0.098059883862]
movie feature vector 
[0.083075492744, 0.0695702577345, 0.0903556769583, 0.121127817319, 0.0625798743333]
singular value 
[[ 0.00486522  0.0040743   0.00529157  0.00709371  0.00366492]
 [ 0.00813193  0.00680996  0.00884456  0.01185673  0.0061257 ]
 [ 0.00637201  0.00533614  0.00693041  0.00929068  0.00479997]
 [ 0.00814637  0.00682205  0.00886027  0.01187778  0.00613658]]

9
user feature vector 
[0.0592375573192, 0.0945327491469, 0.0754272036394, 0.0945060623648]
movie feature vector 
[0.0820643821363, 0.0696175002273, 0.0884127765876, 0.116995545707, 0.0629633355229]
singular value 
[[ 0.00486129  0.00412397  0.00523736  0.00693053  0.00372979]
 [ 0.00775777  0.00658113  0.0083579   0.01105991  0.0059521 ]
 [ 0.00618989  0.00525105  0.00666873  0.00882465  0.00474915]
 [ 0.00775558  0.00657928  0.00835554  0.01105679  0.00595042]]

10
user feature vector 
[0.0597152304839, 0.0914524571378, 0.074199905966, 0.0912615760462]
movie feature vector 
[0.0810874053274, 0.0695821376932, 0.0866313752839, 0.113258094859, 0.0632380489202]
singular value 
[[ 0.00484215  0.00415511  0.00517321  0.00676323  0.00377627]
 [ 0.00741564  0.00636346  0.00792265  0.01035773  0.00578327]
 [ 0.00601668  0.00516299  0.00642804  0.00840374  0.00469226]
 [ 0.00740016  0.00635018  0.00790612  0.01033611  0.0057712 ]]

11
user feature vector 
[0.0600296392732, 0.088611373207, 0.0730161760684, 0.0882862827171]
movie feature vector 
[0.080143905261, 0.0694796408995, 0.0849908285165, 0.10986313895, 0.0634221808489]
singular value 
[[ 0.00481101  0.00417084  0.00510197  0.00659504  0.00380721]
 [ 0.00710166  0.00615669  0.00753115  0.00973512  0.00561993]
 [ 0.0058518   0.00507314  0.00620571  0.00802179  0.00463085]
 [ 0.00707561  0.0061341   0.00750352  0.00969941  0.00559931]]

12
user feature vector 
[0.0602076369936, 0.0859811263633, 0.0718730775699, 0.0855467068276]
movie feature vector 
[0.0792330412905, 0.0693225869123, 0.083473964222, 0.106767079567, 0.0635306572097]
singular value 
[[ 0.00477043  0.00417375  0.00502577  0.00642819  0.00382503]
 [ 0.00681255  0.00596043  0.00717719  0.00917995  0.00546244]
 [ 0.00569472  0.00498243  0.00599953  0.00767368  0.00456614]
 [ 0.00677813  0.00593032  0.00714092  0.00913357  0.00543484]]

13
user feature vector 
[0.0602713906182, 0.0835377327524, 0.0707679606387, 0.0830146928728]
movie feature vector 
[0.0783538645525, 0.0691212816297, 0.0820663085141, 0.103933310059, 0.063575778242]
singular value 
[[ 0.0047225   0.00416604  0.00494625  0.00626421  0.0038318 ]
 [ 0.0065455   0.00577424  0.00685563  0.00868235  0.00531098]
 [ 0.00554494  0.00489157  0.00580767  0.00735515  0.00449913]
 [ 0.00650452  0.00573808  0.00681271  0.00862799  0.00527772]]

14
user feature vector 
[0.0602392466699, 0.0812607415034, 0.0696985570176, 0.0806663808705]
movie feature vector 
[0.0775053222579, 0.0688841652515, 0.0807556771528, 0.101330845595, 0.0635677940454]
singular value 
[[ 0.00466886  0.00414953  0.00486466  0.00610409  0.00382928]
 [ 0.00629814  0.00559758  0.00656227  0.00823422  0.00516557]
 [ 0.00540201  0.00480113  0.00562855  0.00706261  0.00443058]
 [ 0.00625207  0.00555664  0.00651427  0.00817399  0.00512778]]

15
user feature vector 
[0.060126518756, 0.0791326321958, 0.0686627661184, 0.0784814457154]
movie feature vector 
[0.0766863370416, 0.068618216809, 0.0795316278357, 0.0989333297813, 0.0635152555509]
singular value 
[[ 0.00461088  0.00412577  0.00478196  0.00594852  0.00381895]
 [ 0.00606839  0.00542994  0.00629355  0.00782885  0.00502613]
 [ 0.0052655   0.00471152  0.00546086  0.00679304  0.00436113]
 [ 0.00601845  0.00538526  0.00624176  0.00776443  0.00498477]]

16
user feature vector 
[0.059946037698, 0.077138260807, 0.0676587387166, 0.0764423999705]
movie feature vector 
[0.0758957937434, 0.0683292182897, 0.0783852324646, 0.0967181343122, 0.0634253582565]
singular value 
[[ 0.00454965  0.00409607  0.00469888  0.00579787  0.0038021 ]
 [ 0.00585447  0.0052708   0.0060465   0.00746067  0.00489252]
 [ 0.00513501  0.00462307  0.00530345  0.00654383  0.00429128]
 [ 0.00580166  0.00522325  0.00599196  0.00739337  0.00484839]]

17
user feature vector 
[0.0597086313247, 0.0752645034936, 0.066684747032, 0.0745341835329]
movie feature vector 
[0.0751326092075, 0.0680219952833, 0.0773087486587, 0.0946657914166, 0.0633041512686]
singular value 
[[ 0.00448607  0.0040615   0.004616    0.00565236  0.0037798 ]
 [ 0.00565482  0.00511964  0.0058186   0.00712497  0.00476456]
 [ 0.0050102   0.00453603  0.00515531  0.00631276  0.00422142]
 [ 0.00559995  0.00506996  0.00576214  0.00705584  0.00471832]]

18
user feature vector 
[0.0594233877883, 0.0734999188984, 0.0657392485838, 0.0727437322679]
movie feature vector 
[0.0743956821851, 0.0677005409727, 0.07629549516, 0.0927594530012, 0.063156742311]
singular value 
[[ 0.00442084  0.004023    0.00453374  0.00551208  0.00375299]
 [ 0.00546808  0.00497598  0.00560771  0.00681781  0.00464202]
 [ 0.00489072  0.00445058  0.00501561  0.00609794  0.00415188]
 [ 0.00541182  0.00492479  0.00555002  0.00674767  0.00459426]]

19
user feature vector 
[0.0590980463686, 0.0718344894889, 0.0648208107372, 0.0710596671306]
movie feature vector 
[0.0736839549117, 0.0673682039392, 0.0753396196918, 0.0909844751417, 0.0629874729023]
singular value 
[[ 0.00435458  0.00398133  0.00445242  0.005377    0.00372244]
 [ 0.00529305  0.00483936  0.00541198  0.00653582  0.00452467]
 [ 0.00477625  0.00436686  0.00488358  0.00589769  0.0040829 ]
 [ 0.00523596  0.00478716  0.00535361  0.00646533  0.00447587]]

20
user feature vector 
[0.058739147127, 0.0702593843782, 0.0639281169919, 0.0694720243461]
movie feature vector 
[0.0729963708336, 0.0670277697823, 0.074436012026, 0.0893280493018, 0.0628000293656]
singular value 
[[ 0.00428774  0.00393715  0.00437231  0.00524705  0.00368882]
 [ 0.00512868  0.00470933  0.00522983  0.00627613  0.00441229]
 [ 0.00466652  0.00428496  0.00475855  0.00571057  0.00401469]
 [ 0.00507121  0.00465655  0.00517122  0.0062058   0.00436285]]

21
user feature vector 
[0.0583523320091, 0.0687668026714, 0.0630599298088, 0.0679720273131]
movie feature vector 
[0.0723319418596, 0.0666816123461, 0.0735801335414, 0.0877789203158, 0.0625975733523]
singular value 
[[ 0.00422074  0.00389103  0.00429357  0.0051221   0.00365271]
 [ 0.00497404  0.00458548  0.00505987  0.00603628  0.00430463]
 [ 0.00456125  0.00420494  0.00463996  0.00553533  0.0039474 ]
 [ 0.00491655  0.00453248  0.00500139  0.00596651  0.00425488]]

22
user feature vector 
[0.0579423574087, 0.0673498329768, 0.0622151347882, 0.0665519567884]
movie feature vector 
[0.071689683471, 0.0663316827227, 0.0727680232769, 0.0863272100116, 0.0623827869137]
singular value 
[[ 0.00415387  0.00384341  0.00421635  0.005002    0.00361461]
 [ 0.00482829  0.00446743  0.00490091  0.00581412  0.00420147]
 [ 0.00446018  0.00412683  0.00452727  0.00537086  0.00388115]
 [ 0.00477109  0.0044145   0.00484285  0.00574524  0.0041517 ]]

23
user feature vector 
[0.057513317246, 0.0660023312715, 0.0613926549578, 0.0652049576447]
movie feature vector 
[0.0710686690223, 0.0659796245507, 0.0719961175298, 0.0849641849736, 0.062157968006]
singular value 
[[ 0.0040874   0.00379471  0.00414074  0.00488657  0.00357491]
 [ 0.0046907   0.00435481  0.00475191  0.00560783  0.00410257]
 [ 0.00436309  0.00405066  0.00442003  0.00521618  0.00381604]
 [ 0.00463403  0.0043022   0.0046945   0.00554009  0.00405301]]

24
user feature vector 
[0.0570687115014, 0.0647187784381, 0.060591527556, 0.0639249613036]
movie feature vector 
[0.0704679849253, 0.0656268228551, 0.0712612896983, 0.0836820853969, 0.0619250942437]
singular value 
[[ 0.00402152  0.00374524  0.00406679  0.00477563  0.00353399]
 [ 0.0045606   0.00424729  0.00461194  0.0054158   0.00400772]
 [ 0.00426976  0.00397643  0.00431783  0.00507043  0.00375214]
 [ 0.00450466  0.00419519  0.00455538  0.00534937  0.00395856]]

25
user feature vector 
[0.0566115776011, 0.06349427298, 0.0598108081778, 0.0627065272022]
movie feature vector 
[0.0698867929987, 0.0652744377406, 0.0705606905598, 0.0824740263858, 0.061685862629]
singular value 
[[ 0.0039564   0.00369529  0.00399455  0.00466898  0.00349213]
 [ 0.00443741  0.00414455  0.0044802   0.00523663  0.0039167 ]
 [ 0.00417999  0.00390412  0.00422029  0.00493284  0.00368948]
 [ 0.00438236  0.00409313  0.00442462  0.00517166  0.00386811]]

26
user feature vector 
[0.0561444662829, 0.0623243769716, 0.0590496561612, 0.0615448285917]
movie feature vector 
[0.0693242457049, 0.0649234151723, 0.0698918299199, 0.081333866121, 0.0614417224536]
singular value 
[[ 0.00389217  0.00364509  0.00392404  0.00456645  0.00344961]
 [ 0.00432059  0.00404631  0.00435596  0.00506908  0.00382932]
 [ 0.00409357  0.00383371  0.00412709  0.00480274  0.00362811]
 [ 0.00426655  0.0039957   0.00430148  0.00500568  0.00378142]]

27
user feature vector 
[0.0556696385811, 0.0612051159911, 0.0583072278382, 0.0604355016699]
movie feature vector 
[0.068779584315, 0.0645745776977, 0.069252407307, 0.0802560914373, 0.06119391951]
singular value 
[[ 0.00382893  0.00359484  0.00385526  0.00446783  0.00340664]
 [ 0.00420966  0.00395229  0.0042386   0.00491208  0.00374538]
 [ 0.00401035  0.00376516  0.00403792  0.00467951  0.00356805]
 [ 0.00415673  0.0039026   0.0041853   0.00485032  0.00369829]]

28
user feature vector 
[0.0551889946468, 0.060132882455, 0.0575827841406, 0.0593746533366]
movie feature vector 
[0.0682520435984, 0.064228575153, 0.0686403888636, 0.0792357881991, 0.0609435384713]
singular value 
[[ 0.00376676  0.00354471  0.00378819  0.00437294  0.00336341]
 [ 0.00410419  0.00386225  0.00412754  0.00476468  0.00366471]
 [ 0.00393014  0.00369846  0.0039525   0.00456262  0.0035093 ]
 [ 0.00405244  0.00381355  0.0040755   0.0047046   0.0036185 ]]

29
user feature vector 
[0.0547041929578, 0.0591044254321, 0.0568755923074, 0.0583587399681]
movie feature vector 
[0.067740910941, 0.0638859709977, 0.0680539025605, 0.0782685131842, 0.0606915023327]
singular value 
[[ 0.00370571  0.00349483  0.00372283  0.00428162  0.00332008]
 [ 0.00400379  0.00377594  0.00402229  0.00462602  0.00358714]
 [ 0.0038528   0.00363355  0.00387061  0.00445157  0.00345187]
 [ 0.00395327  0.0037283   0.00397154  0.00456765  0.00354188]]

30
user feature vector 
[0.0542166549113, 0.0581167818732, 0.0561849702938, 0.0573845873991]
movie feature vector 
[0.0672455089088, 0.0635472097399, 0.0674912758963, 0.0773502695504, 0.0604386005015]
singular value 
[[ 0.00364583  0.00344532  0.00365915  0.00419367  0.00327678]
 [ 0.00390809  0.00369316  0.00392238  0.00449535  0.0035125 ]
 [ 0.00377819  0.0035704   0.003792    0.00434592  0.00339574]
 [ 0.00385886  0.00364663  0.00387296  0.00443871  0.00346824]]

31
user feature vector 
[0.0537276341193, 0.0571672369313, 0.05551028871, 0.0564492816947]
movie feature vector 
[0.0667651939078, 0.0632126781107, 0.0669509679863, 0.0764774077734, 0.0601855389519]
singular value 
[[ 0.00358714  0.00339627  0.00359712  0.00410895  0.00323363]
 [ 0.00381678  0.00361369  0.0038274   0.004372    0.00344064]
 [ 0.00370616  0.00350895  0.00371647  0.00424528  0.00334092]
 [ 0.00376885  0.00356831  0.00377933  0.00431709  0.00339743]]

32
user feature vector 
[0.0532381649925, 0.0562533586244, 0.0548509326073, 0.0555502260353]
movie feature vector 
[0.0662993481057, 0.062882656681, 0.0664315826091, 0.075646699136, 0.0599328866933]
singular value 
[[ 0.00352966  0.00334776  0.0035367   0.00402729  0.00319072]
 [ 0.00372956  0.00353736  0.003737    0.00425538  0.00337143]
 [ 0.00363658  0.00344917  0.00364383  0.00414929  0.00328737]
 [ 0.00368294  0.00349315  0.00369029  0.00420219  0.00332929]]

33
user feature vector 
[0.0527491640063, 0.0553728871376, 0.0542063238038, 0.0546850141358]
movie feature vector 
[0.0658473826676, 0.0625573882913, 0.0659318491356, 0.0748551410792, 0.0596811472888]
singular value 
[[ 0.00347339  0.00329985  0.00347785  0.00394855  0.00314813]
 [ 0.00364616  0.00346398  0.00365084  0.00414495  0.00330472]
 [ 0.00356934  0.00339101  0.00357392  0.00405762  0.0032351 ]
 [ 0.00360087  0.00342095  0.00360548  0.00409345  0.00326366]]

34
user feature vector 
[0.052261406869, 0.054523796114, 0.0535759153129, 0.0538515026947]
movie feature vector 
[0.0654087468202, 0.0622370530313, 0.0654506005577, 0.0741000761599, 0.0594307400694]
singular value 
[[ 0.00341835  0.0032526   0.00342054  0.00387257  0.00310593]
 [ 0.00356633  0.0033934   0.00356862  0.00404022  0.00324039]
 [ 0.00350433  0.00333441  0.00350658  0.00396998  0.00318406]
 [ 0.00352236  0.00335156  0.00352461  0.0039904   0.00320043]]

35
user feature vector 
[0.0517755705906, 0.0537041635183, 0.0529592085495, 0.0530476710137]
movie feature vector 
[0.0649829012291, 0.0619217957425, 0.0649867633655, 0.0733789959942, 0.0591820546971]
singular value 
[[ 0.00336453  0.00320604  0.00336473  0.00379924  0.00306418]
 [ 0.00348985  0.00332546  0.00349006  0.00394076  0.00317832]
 [ 0.00344144  0.00327933  0.00344165  0.00388609  0.00313423]
 [ 0.00344719  0.00328481  0.0034474   0.00389258  0.00313947]]

36
user feature vector 
[0.0512922394792, 0.0529122809062, 0.0523556843508, 0.0522717088695]
movie feature vector 
[0.0645693467893, 0.0616117269866, 0.0645393373643, 0.0726896807861, 0.0589353838322]
singular value 
[[ 0.00331191  0.0031602   0.00331037  0.00372842  0.00302293]
 [ 0.00341651  0.00326002  0.00341492  0.00384618  0.00311841]
 [ 0.00338057  0.00322572  0.003379    0.00380572  0.0030856 ]
 [ 0.00337515  0.00322055  0.00337358  0.00379961  0.00308065]]

37
user feature vector 
[0.0508118875891, 0.0521465391968, 0.0517649081157, 0.0515219494464]
movie feature vector 
[0.0641675926477, 0.0613069029371, 0.0641074416291, 0.0720300642957, 0.0586910046329]
singular value 
[[ 0.00326048  0.00311512  0.00325742  0.00365998  0.0029822 ]
 [ 0.00334612  0.00319694  0.00334298  0.00375612  0.00306053]
 [ 0.00332163  0.00317355  0.00331852  0.00372863  0.00303813]
 [ 0.00330604  0.00315865  0.00330294  0.00371113  0.00302387]]

38
user feature vector 
[0.050334941037, 0.0514054590655, 0.0511864225688, 0.0507968476716]
movie feature vector 
[0.0637771817214, 0.0610073759962, 0.0636902192016, 0.0713982534559, 0.058449140016]
singular value 
[[ 0.00321022  0.0030708   0.00320584  0.00359383  0.00294203]
 [ 0.0032785   0.00313611  0.00327402  0.00367026  0.0030046 ]
 [ 0.00326453  0.00312275  0.00326007  0.00365462  0.0029918 ]
 [ 0.00323968  0.00309898  0.00323526  0.00362681  0.00296903]]

39
user feature vector 
[0.0498617521202, 0.0506877021864, 0.0506198049856, 0.0500949900745]
movie feature vector 
[0.0633976855946, 0.0607131692441, 0.0632868912693, 0.0707925303725, 0.058209971166]
singular value 
[[ 0.00316112  0.00302726  0.0031556   0.00352984  0.00290245]
 [ 0.00321348  0.00307741  0.00320787  0.00358831  0.00295053]
 [ 0.00320918  0.00307329  0.00320357  0.0035835   0.00294658]
 [ 0.00317591  0.00304143  0.00317036  0.00354635  0.00291603]]
